Placement:Box
-1,-10,0|8,1,8|0,0,0,1|0,0,0
-19,-10,0|8,1,8|0,0,0,1|0,0,0
-1,9,0|8,1,8|0,0,0,1|0,0,0
-19,9,0|8,1,8|0,0,0,1|0,0,0
Placement:Box Gray
-9,-1,-1.1|1,1,1|0,0.3826834323650898,0,0.9238795325112867|0,0,0
-9,-1,7|1,1,1|0,0.3826834323650898,0,0.9238795325112867|0,0,0
7,-1.13,6.15|4.1,2,1|0.10401421443222664,0.4116813410101259,-0.09080479972282499,0.9448639315048896|0,0,0
7,2.76,-7.06|1,4.6,8|0.230022635305467,0.3747531650318438,-0.03579127530088199,1.0134738727305503|0,0,0
-27,5.61,-6.6|1,1,1|0,0,0.6087614290087205,0.7933533402912349|0,0,0
Placement:Box Pink
-10,-3,0|1,8,8|0,0,0,1|0,0,0
8,-0.5,0|1,10.5,8|0,0,0,1|0,0,0
-28,-0.5,0|1,10.5,8|0,0,0,1|0,0,0
-10,2,2|1,8,6|0,0,0,1|0,0,0
Placement:Box Green
-12,-5.71,-6.6|1,1,1|0,0,0,1|0,0,0
