Placement:Box
-1,-6,0|30,1,30|0,0,0,1|0,0,0
Placement:Box Pink
-6.32,-5,1.81|1,5,5|0,0,0,1|0,-1,0
-5.46,-5,15.83|1,5,5|0,0,0,1|0,-1,0
-9.21,-5,-8.31|1,5,5|0,0.7071067811865475,0,0.7071067811865476|0,-1,0
6.93,-5,-12.01|1,5,5|-0.1966337231239011,0.1617342264213998,-0.03290520026094707,0.9664856267581502|0,-1,0
-8.76,-5,-16.84|1,5,5|0,0.7071067811865475,0,0.7071067811865476|0,-1,0
-26.68,-5,-22.96|1,5,5|-0.22699524986977365,-0.22699524986977354,-0.05449673790581609,0.945503262094185|0,-1,0
Placement:Box Green
-21.7,-5,-21.45|1,1,1|0,0,0,1|0,-1,0
