Placement:Diamond
-27,4.29,-7.74|5,5,5|0,0,0,1|0,-0.5,0
Placement:Sphere
-22.5,0.17,6.03|1.5,1.5,1.5|0,0,0,1|0,0,0
Placement:Box
-1,-10,0|8,1,8|0,0,0,1|0,0,0
-19,-10,0|8,1,8|0,0,0,1|0,0,0
-1,9,0|8,1,8|0,0,0,1|0,0,0
-19,9,0|8,1,8|0,0,0,1|0,0,0
Placement:Box Gray
-9,-1,-1.1|1,1,1|0,0.3826834323650898,0,0.9238795325112867|0,0,0
-9,-1,7|1,1,1|0,0.3826834323650898,0,0.9238795325112867|0,0,0
7,-1.13,6.15|4.1,2,1|0.11519573942125422,0.36012412002679456,-0.10414740938064054,0.9630720227297885|0,0,0
7,2.76,-7.06|1,4.6,8|0.05328697516048977,0.33291326665658477,0.019623751118955268,0.9412460696089591|0,0,0
Placement:Box Pink
-10,-3,0|1,8,8|0,0,0,1|0,0,0
8,-0.5,0|1,10.5,8|0,0,0,1|0,0,0
-28,-0.5,0|1,10.5,8|0,0,0,1|0,0,0
-10,2,2|1,8,6|0,0,0,1|0,0,0
Placement:Box Green
-12,-5.71,-5.38|1,1,1|0,0,0,1|0,0,0
